392
451
533
450
438
165
425
423
774
578
465
833
23
8
73
139
659
202
187
64
356
410
811
600
549
885
312
753
331
34
147
932
632
977
328
772
556
887
32
614
19
538
572
882
405
339
393
415
311
401
186
610
605
77
375
631
100
898
17
687
770
960
884
396
592
558
360
204
782
190
804
241
722
690
350
665
348
377
458
733
779
640
555
862
646
787
461
35
400
786
637
575
981
568
766
275
723
9
455
436
142
304
785
293
816
160
797
28
389
623
984
567
972
30
911
394
532
879
222
146
279
522
590
802
36
40
513
504
200
751
364
754
259
302
743
205
305
126
0
562
247
378
828
643
83
466
593
2
300
262
627
408
391
85
849
807
336
483
99
986
487
80
75
648
601
65
832
905
296
412
716
70
197
352
651
776
319
485
307
272
919
141
822
175
950
177
191
254
633
579
681
706
959
68
517
56
444
355
616
928
269
589
792
116
943
316
252
737
261
958
132
620
866
131
370
673
21
548
677
924
606
194
793
519
362
518
118
983
314
265
658
880
251
484
233
315
468
354
230
129
625
16
388
791
280
551
383
825
624
87
820
714
42
725
156
406
679
63
342
657
629
927
373
761
864
196
469
528
329
358
397
47
121
57
552
861
435
208
834
949
580
256
917
353
526
236
243
439
982
553
907
54
656
337
235
547
718
686
628
499
846
854
479
523
185
925
799
587
853
62
989
644
498
908
258
808
192
923
955
577
604
441
734
301
420
81
906
647
41
1000
491
210
672
626
198
671
826
136
310
830
294
154
985
122
750
806
368
529
941
228
888
452
67
508
667
96
447
930
544
240
488
668
514
365
289
404
795
127
369
565
951
158
936
736
521
682
890
66
912
18
607
133
266
870
810
515
764
486
137
59
151
594
176
892
152
446
31
914
873
359
904
798
115
145
298
459
161
376
327
223
965
416
836
563
781
676
482
863
585
398
598
507
443
245
501
934
244
855
92
250
613
167
847
597
666
114
13
155
619
660
893
695
430
688
108
865
29
106
946
661
642
929
55
993
120
710
778
239
159
172
15
557
571
221
103
953
14
490
456
856
702
445
747
837
975
111
564
916
472
112
615
757
979
427
703
991
216
386
896
351
371
84
432
209
817
107
731
117
124
26
