319
145
9
653
794
875
672
941
78
297
569
651
214
406
857
448
847
304
611
967
687
245
715
135
567
592
582
408
619
436
880
639
984
530
213
201
558
224
694
243
809
604
756
904
557
970
403
23
382
253
964
347
3
343
241
778
486
679
581
728
470
43
508
556
612
111
722
772
780
2
136
844
0
429
968
712
251
89
66
283
929
142
946
674
384
354
992
483
29
34
302
603
232
294
282
106
531
263
132
162
664
488
58
455
260
464
207
607
39
299
849
969
430
102
63
779
905
591
580
362
884
998
638
950
415
25
899
365
450
897
665
55
621
22
413
10
859
797
360
339
790
84
599
961
182
400
912
640
204
555
829
788
139
351
473
940
144
919
729
895
861
720
421
198
65
80
447
843
150
196
593
736
973
564
800
127
6
156
199
233
957
583
848
230
693
70
633
750
322
512
982
706
422
641
76
746
562
629
808
122
320
504
837
796
517
616
822
5
462
215
259
307
278
551
979
675
133
272
681
167
442
645
698
711
157
159
933
346
686
507
609
267
454
894
570
669
816
72
865
369
372
771
479
554
105
206
792
795
246
738
209
914
405
158
983
21
748
986
57
601
757
754
82
856
540
727
79
890
798
764
249
321
301
791
68
760
103
239
948
88
419
803
128
881
466
457
247
460
735
671
90
147
877
755
381
832
510
550
123
168
586
189
46
667
194
1
620
721
92
121
868
171
942
547
762
287
219
719
594
634
744
425
485
858
244
776
845
411
8
20
77
787
978
50
333
151
637
951
275
646
456
758
925
518
761
19
595
370
143
195
401
325
548
657
826
257
386
659
373
388
140
680
86
452
765
383
188
871
163
489
228
608
378
514
709
688
441
184
501
506
577
492
120
989
476
879
922
463
939
743
438
993
830
165
817
117
308
94
155
876
468
824
175
313
630
980
917
781
863
487
235
16
178
596
298
892
855
292
17
48
683
561
91
146
349
254
118
789
985
449
290
958
932
649
974
565
695
474
685
461
840
560
802
625
242
210
52
911
183
718
252
775
549
977
170
32
44
240
112
503
289
107
431
716
47
256
318
137
359
238
677
526
26
108
7
83
222
393
385
500
205
846
937
783
93
56
391
696
872
317
704
997
935
717
799
231
484
402
262
759
