395
601
517
175
806
345
135
847
906
53
879
473
839
902
718
88
399
648
801
75
793
689
333
138
219
431
916
285
557
290
670
18
650
29
141
416
818
709
631
679
815
959
924
98
554
996
957
613
952
324
223
129
568
582
673
722
856
519
132
851
774
32
109
998
441
339
660
596
501
813
963
562
897
68
69
66
737
17
687
253
739
234
373
929
986
790
415
759
885
502
455
386
353
713
758
999
498
446
369
259
979
448
812
946
693
474
169
778
773
374
426
462
264
831
541
103
117
208
597
852
180
657
366
396
507
642
33
457
515
884
980
21
767
754
571
47
408
547
246
191
5
118
57
780
92
106
257
194
864
930
883
328
855
167
466
609
606
743
954
832
549
159
385
204
508
945
298
932
578
536
104
297
61
120
918
361
776
206
404
82
706
149
306
317
377
270
604
740
485
2
738
489
354
340
600
327
700
538
495
610
823
335
750
482
533
100
467
95
122
540
588
97
762
210
296
724
183
646
686
140
488
247
698
926
472
153
599
757
639
121
213
212
454
251
558
910
409
322
261
645
258
25
275
546
249
442
137
727
694
320
87
889
342
789
19
628
198
184
286
810
720
314
22
28
882
402
48
241
114
748
566
940
313
480
178
961
615
147
669
886
125
329
291
828
31
651
205
497
349
289
115
612
786
943
478
199
728
413
172
807
136
105
878
428
777
233
337
176
443
217
623
730
196
202
746
418
384
250
923
992
661
971
116
146
794
765
162
51
280
323
254
263
429
358
791
46
766
450
822
901
752
516
410
741
559
699
190
185
152
967
784
26
240
629
215
484
556
388
827
444
580
981
964
894
719
653
863
829
975
518
950
499
595
281
983
370
846
858
584
334
58
934
921
110
221
874
477
156
688
245
144
391
284
726
50
594
166
491
703
23
527
664
390
550
83
608
997
920
397
939
867
435
890
0
985
308
553
798
652
343
797
464
160
626
683
643
771
506
321
605
469
380
471
427
824
908
424
895
552
451
840
344
681
76
1
802
970
288
438
843
535
530
593
163
925
994
942
387
949
6
938
11
84
398
277
392
295
362
935
222
421
941
744
131
262
78
672
972
842
367
598
898
919
238
239
389
991
108
526
711
735
318
56
72
808
403
783
841
437
139
